0 66
1 79
2 66
3 33
4 79
5 79
6 31
7 79
8 79
9 33
10 95
11 33
12 95
13 33
14 81
15 14
16 33
17 57
18 33
19 33
20 33
21 33
22 33
23 33
24 33
25 33
26 70
27 88
28 33
29 33
30 33
31 33
32 79
33 79
34 14
35 125
36 17
37 42
38 72
39 33
40 17
41 17
42 79
43 79
44 124
45 79
46 79
47 35
48 79
49 72
50 0
51 79
52 79
53 42
54 72
55 79
56 79
57 35
58 79
59 79
60 72
61 79
62 72
63 79
64 79
65 79
66 48
67 48
68 79
69 79
70 79
71 130
72 79
73 57
74 48
75 48
76 66
77 17
78 57
79 79
80 130
81 17
82 130
83 66
84 16
85 117
86 117
87 116
88 17
89 79
90 120
91 120
92 17
93 90
94 17
95 17
96 17
97 49
98 7
99 101
100 17
101 101
102 66
103 104
104 17
105 101
106 17
107 49
108 101
109 17
110 114
111 29
112 49
113 101
114 17
115 17
116 101
117 42
118 29
119 101
120 49
121 101
122 101
123 101
124 91
125 101
126 101
127 101
128 18
129 101
130 76
131 101
132 77
133 66
134 101
135 101
136 18
137 66
138 17
139 66
140 91
141 42
142 101
143 61
144 130
145 18
146 66
147 100
148 101
149 28
150 101
151 41
152 41
153 41
154 104
155 41
156 91
157 91
158 41
159 117
160 101
161 91
162 0
163 101
164 98
165 9
166 66
167 101
168 91
169 105
170 77
171 99
172 9
173 101
174 55
175 0
176 0
177 8
178 61
179 101
180 101
181 42
182 91
183 0
184 9
185 98
186 98
187 98
188 98
189 98
190 29
191 101
192 41
193 9
194 114
195 9
196 114
197 114
198 55
199 9
200 55
201 88
202 114
203 66
204 73
205 114
206 72
207 57
208 57
209 101
210 29
211 66
212 66
213 66
214 66
215 57
216 66
217 101
218 57
219 129
220 66
221 29
222 38
223 66
224 101
225 91
226 101
227 29
228 38
229 36
230 29
231 129
232 29
233 92
234 105
235 29
236 131
237 104
238 29
239 29
240 101
241 29
242 104
243 129
244 101
245 29
246 29
247 57
248 129
249 60
250 29
251 61
252 29
253 57
254 29
255 123
256 101
257 104
258 85
259 85
260 57
261 85
262 29
263 101
264 57
265 101
266 72
267 57
268 57
269 57
270 19
271 73
272 101
273 57
274 55
275 85
276 85
277 57
278 29
279 105
280 85
281 98
282 118
283 77
284 114
285 101
286 57
287 57
288 101
289 57
290 80
291 63
292 85
293 101
294 57
295 85
296 80
297 77
298 29
299 9
300 57
301 23
302 115
303 20
304 77
305 115
306 104
307 20
308 98
309 20
310 23
311 115
312 55
313 23
314 115
315 80
316 23
317 63
318 115
319 115
320 115
321 101
322 29
323 101
324 20
325 77
326 100
327 61
328 115
329 20
330 20
331 61
332 101
333 101
334 115
335 115
336 124
337 20
338 20
339 55
340 57
341 57
342 77
343 20
344 20
345 66
346 105
347 29
348 60
349 28
350 57
351 29
352 80
353 29
354 80
355 80
356 109
357 66
358 99
359 60
360 63
361 97
362 105
363 63
364 63
365 63
366 63
367 60
368 9
369 80
370 60
371 19
372 105
373 93
374 66
375 101
376 0
377 104
378 93
379 57
380 83
381 43
382 103
383 103
384 103
385 103
386 31
387 103
388 103
389 103
390 103
391 103
392 93
393 66
394 103
395 103
396 103
397 93
398 85
399 83
400 93
401 93
402 31
403 103
404 103
405 83
406 93
407 31
408 21
409 86
410 83
411 86
412 8
413 93
414 8
415 93
416 118
417 118
418 93
419 21
420 57
421 31
422 76
423 93
424 51
425 101
426 101
427 93
428 109
429 101
430 51
431 109
432 103
433 94
434 94
435 94
436 80
437 21
438 21
439 109
440 21
441 103
442 21
443 2
444 15
445 109
446 103
447 109
448 31
449 51
450 122
451 21
452 49
453 21
454 21
455 21
456 21
457 89
458 103
459 103
460 21
461 21
462 21
463 132
464 132
465 66
466 132
467 101
468 122
469 4
470 90
471 61
472 93
473 31
474 31
475 76
476 79
477 31
478 31
479 120
480 116
481 120
482 7
483 120
484 116
485 104
486 73
487 76
488 120
489 7
490 10
491 76
492 19
493 21
494 120
495 45
496 118
497 11
498 11
499 11
500 115
501 90
502 92
503 120
504 120
505 92
506 31
507 118
508 118
509 118
510 46
511 24
512 76
513 76
514 0
515 99
516 104
517 106
518 106
519 127
520 97
521 101
522 114
523 116
524 55
525 19
526 113
527 103
528 79
529 104
530 92
531 55
532 49
533 55
534 104
535 20
536 19
537 55
538 127
539 118
540 55
541 92
542 92
543 55
544 55
545 19
546 18
547 18
548 127
549 76
550 76
551 18
552 24
553 4
554 130
555 29
556 79
557 130
558 104
559 91
560 77
561 91
562 55
563 55
564 55
565 55
566 55
567 112
568 20
569 55
570 127
571 55
572 107
573 107
574 107
575 127
576 92
577 92
578 107
579 107
580 55
581 29
582 92
583 29
584 78
585 55
586 2
587 24
588 78
589 8
590 52
591 9
592 78
593 106
594 29
595 75
596 24
597 78
598 75
599 24
600 24
601 92
602 75
603 24
604 24
605 24
606 92
607 78
608 56
609 24
610 107
611 123
612 24
613 1
614 24
615 24
616 49
617 104
618 102
619 102
620 112
621 102
622 102
623 112
624 112
625 102
626 127
627 8
628 19
629 112
630 69
631 102
632 113
633 113
634 29
635 113
636 113
637 45
638 45
639 127
640 127
641 127
642 127
643 113
644 78
645 2
646 113
647 0
648 116
649 91
650 45
651 61
652 46
653 39
654 116
655 39
656 39
657 50
658 39
659 104
660 87
661 104
662 87
663 87
664 112
665 24
666 39
667 39
668 2
669 2
670 101
671 113
672 36
673 2
674 113
675 39
676 46
677 2
678 87
679 2
680 2
681 87
682 39
683 7
684 31
685 0
686 50
687 50
688 50
689 50
690 50
691 116
692 123
693 101
694 105
695 48
696 57
697 106
698 106
699 106
700 106
701 1
702 106
703 92
704 37
705 106
706 37
707 37
708 37
709 46
710 37
711 37
712 4
713 37
714 31
715 37
716 31
717 46
718 37
719 106
720 106
721 127
722 37
723 46
724 46
725 37
726 106
727 46
728 37
729 46
730 46
731 81
732 43
733 45
734 112
735 112
736 87
737 62
738 37
739 106
740 62
741 62
742 62
743 62
744 6
745 6
746 13
747 58
748 13
749 62
750 43
751 62
752 13
753 62
754 46
755 62
756 100
757 62
758 46
759 13
760 100
761 13
762 38
763 46
764 13
765 34
766 46
767 46
768 13
769 2
770 1
771 83
772 6
773 13
774 112
775 6
776 34
777 83
778 1
779 83
780 46
781 46
782 133
783 13
784 83
785 83
786 1
787 1
788 58
789 46
790 1
791 36
792 36
793 36
794 1
795 92
796 46
797 1
798 83
799 92
800 112
801 59
802 1
803 36
804 5
805 92
806 65
807 3
808 65
809 46
810 112
811 46
812 82
813 22
814 25
815 31
816 46
817 31
818 37
819 25
820 39
821 3
822 65
823 65
824 83
825 39
826 25
827 46
828 25
829 82
830 25
831 25
832 65
833 46
834 71
835 39
836 65
837 46
838 13
839 112
840 71
841 39
842 32
843 112
844 71
845 46
846 46
847 46
848 39
849 112
850 46
851 39
852 46
853 112
854 39
855 13
856 65
857 50
858 46
859 1
860 46
861 3
862 83
863 46
864 83
865 1
866 39
867 133
868 133
869 32
870 65
871 110
872 110
873 110
874 67
875 46
876 67
877 3
878 110
879 46
880 110
881 110
882 110
883 106
884 13
885 68
886 56
887 67
888 133
889 46
890 36
891 68
892 46
893 47
894 36
895 8
896 67
897 128
898 21
899 67
900 128
901 67
902 67
903 46
904 47
905 3
906 46
907 65
908 50
909 67
910 27
911 27
912 46
913 46
914 3
915 62
916 49
917 133
918 3
919 123
920 67
921 128
922 67
923 1
924 32
925 45
926 128
927 32
928 128
929 104
930 110
931 54
932 71
933 128
934 128
935 67
936 128
937 110
938 128
939 65
940 27
941 101
